z=
5.505751578229795
9.754581690707774
-3.380491358445003
-1.240740004272318
1.402850573448269

H=
  [-0.809498694424876   -0.809498871800032   -1.618995978525818
   -2.944284161994896   -2.944284358048384   -5.888569324509237
    1.438380292815098    1.438381712125249    2.876762701564763
    0.325190539456198    0.325190831040572    0.650382205584935
   -0.754928319169703   -0.754928121358650   -1.509856684243494];




R= [9.599563453667082  1.695803491633456  3.374804722838387 -2.036285115123790 -1.912094793736365
    1.695803491633456 22.490148367908073  2.451654084712032  9.799176417244743  7.078780745346799
    3.374804722838387  2.451654084712032 12.073999822869279  1.904627078020524 -3.804148586359607
   -2.036285115123790  9.799176417244743  1.904627078020524  6.270434397020487  4.070651550638881
   -1.912094793736365  7.078780745346799 -3.804148586359607  4.070651550638881  5.320048568546946];